 0.45       1.82     0.0246      0.145
 0.55       1.08     0.0172      0.086
 0.65       0.67      0.013     0.0536
 0.75      0.405    0.00906     0.0324
 0.85      0.259    0.00689     0.0207
 0.95      0.168    0.00538     0.0134
 1.05      0.116    0.00423    0.00929
 1.15     0.0763    0.00328    0.00611
  1.3     0.0436    0.00166    0.00349
  1.5     0.0204    0.00107    0.00163
  1.7     0.0103   0.000723   0.000826
  1.9    0.00516     0.0005   0.000619
 2.25    0.00242   0.000221   0.000411
 2.75   0.000618 0.00000261  0.0000803
 3.25    0.00019 0.00000142  0.0000247
 3.75  0.0000649   7.34E-07 0.00000843
 4.25  0.0000229   4.21E-07 0.00000298
 4.75 0.00000948   2.67E-07 0.00000123
  5.5 0.00000314   9.55E-08   4.09E-07
  6.5   8.47E-07   3.91E-08 0.00000011
  7.5   2.39E-07    1.8E-08   3.11E-08
  8.5   8.01E-08   1.15E-08   1.04E-08
  9.5   3.86E-08   6.42E-09   5.02E-09
