 0.468      0.188     0.0187     0.0244
 0.563      0.135     0.0111     0.0175
 0.661      0.107    0.00889     0.0139
 0.759     0.0802    0.00678     0.0104
 0.858     0.0582     0.0052    0.00757
 0.957     0.0445    0.00485    0.00578
  1.06     0.0363    0.00411     0.0029
  1.16     0.0282    0.00211    0.00226
  1.31     0.0186    0.00114    0.00149
   1.5     0.0102   0.000785   0.000814
   1.7    0.00564   0.000324   0.000451
   1.9    0.00314   0.000233   0.000251
  2.25    0.00139  0.0000947   0.000112
  2.75   0.000268 0.00000191  0.0000359
  3.25  0.0000991   0.000001  0.0000138
  3.75  0.0000312   5.24E-07 0.00000449
  4.25   0.000012   3.03E-07  0.0000018
  4.75 0.00000429   1.78E-07   6.61E-07
   5.5 0.00000136 0.00000021 0.00000022
   6.5   2.61E-07   5.72E-08   4.51E-08
   7.5   9.54E-08   1.41E-08   1.74E-08
   8.5   3.52E-08      8E-09   6.84E-09
   9.5   1.23E-08   4.55E-09      -2.51
