 0.563      0.108    0.00587      0.014
 0.661     0.0886    0.00469     0.0115
 0.759      0.064    0.00347    0.00832
 0.858     0.0551    0.00304    0.00716
 0.957      0.038     0.0023    0.00494
  1.06     0.0327    0.00141    0.00262
  1.16     0.0236    0.00112    0.00189
  1.31     0.0155   0.000616    0.00124
   1.5      0.008   0.000404    0.00064
   1.7    0.00478   0.000297   0.000382
   1.9    0.00256   0.000204   0.000205
  2.25    0.00106  0.0000797  0.0000849
  2.75   0.000202 0.00000163   0.000027
  3.25  0.0000703   8.76E-07 0.00000977
  3.75  0.0000204   4.51E-07 0.00000293
  4.25 0.00000861   2.62E-07 0.00000128
  4.75 0.00000303   1.55E-07   4.67E-07
   5.5   8.67E-07   5.11E-08 0.00000014
   6.5   1.44E-07 0.00000002   2.49E-08
   7.5   4.06E-08   9.58E-09   7.43E-09
   8.5   1.31E-08      5E-09   2.54E-09
   9.5   8.62E-09    3.5E-09   1.76E-09
