  0.35       3.14     0.0365      0.251
  0.45       1.82     0.0245      0.145
  0.55       1.08     0.0173     0.0867
  0.65      0.618     0.0122     0.0494
  0.75      0.413    0.00915     0.0331
  0.85      0.266    0.00698     0.0213
  0.95       0.17    0.00536     0.0136
  1.05      0.114    0.00407    0.00909
  1.15      0.077    0.00327    0.00616
   1.3     0.0443    0.00166    0.00355
   1.5      0.021    0.00107    0.00168
   1.7     0.0105   0.000719    0.00084
   1.9    0.00586    0.00055   0.000703
  2.25    0.00277    0.00029   0.000471
  2.75   0.000606 0.00000261  0.0000789
  3.25   0.000191 0.00000142  0.0000249
  3.75  0.0000635   7.34E-07 0.00000826
  4.25  0.0000229   4.22E-07 0.00000298
  4.75 0.00000967   2.64E-07 0.00000126
   5.5 0.00000288   9.52E-08   3.75E-07
   6.5   8.66E-07   3.91E-08   1.12E-07
   7.5 0.00000022   1.82E-08   2.86E-08
   8.5   9.55E-08   1.15E-08   1.24E-08
   9.5   4.13E-08   6.44E-09   5.38E-09
