16141050
16142001
16142003
16142004
16142006
16142007
16142008
16142010
16142012
16142013
16142014
16142015
16142024
16142025
16142027
16142028
16142032
16142035
16142037
16142038
16142039
16142044
16142046
16142066
16142067
16142069
16142071
16142072
16142074
16142076
16143005
16143006
16143011
16139012
16139013
16139022
16139023
16139024
16139025
16139026
16139005
16139007
16139008
16139009
16139010
16139011
16141008
16141009
16141014
16141016
16141017
16141018
16141021
16141022
16141032
16141033
16141034
16141035
16141038
16141040
16139027
16139028
16139029
16139030
16139031
16139032
16139033
16139034
16139056
16131028
16131029
16131030
16131032
16131034
16131036
16131037
16133009
16133010
16133011
16133013
16133014
16133087
16133088
16134001
16134002
16134003
16130003
16130004
16130005
16130015
16130016
16130034
16149056
16150003
16124017
16124018
16124019
16124033
16124034
16135011
16135013
16135014
16135026
16135031
16128040
16128041
16128042
16128043
16128044
16128051
16129036
16129037
16129038
16129039
16129046
16129011
16129012
16129013
16129014
16129015
16129016
16129017
16129025
16137039
16137040
16137041
16137042
16150048
16134005
16150049
16134012
16150050
16134013
16150052
16134014
16153021
16143043
16153022
16143044
16143045
16153033
16131009
16131010
16131011
16131012
16130040
16130044
16130045
16130046
16130047
16128058
16128059
16128060
16128061
16128062
16128064
16128065
16149013
16149014
16149024
16149025
16155041
16136043
16136044
16155042
16155045
16137010
16137011
16137012
16137013
16133008
16137048
16137049
16137052
16138013
16127052
16150015
16127053
16150019
16137018
16137019
16137020
16137021
16133089
16133090
16133091
16130052
16130053
16131005
16131006
16141036
16152047
16152049
16152051
16152052
16134016
16134017
16134018
16144075
16144076
16145003
16139057
16140001
16145011
16146005
16146006
16146007
16150059
16155007
16133003
16133004
16128052
16155008
16133005
16150061
16133006
16133007
16151002
16143008
16146002
16143009
16146003
16143010
16146004
16131044
16155013
16144004
16131046
16131047
16155014
16131049
16131050
16132001
16144005
16132002
16135035
16137046
16135036
16135037
16137047
16135038
16135039
16153034
16151050
16155047
16135005
16135006
16135007
16132003
16135008
16132023
16151053
16155048
16143014
16143015
16137022
16137028
16143016
16138048
16138049
16138050
16151035
16150054
16143013
16151043
16151044
16150055
16138025
16144003
16134015
16138026
16138027
16146118
16143041
16146119
16143042
16146120
16147007
16147008
16142036
16138044
16146098
16138045
16146100
16138046
16146107
16144015
16152058
16155034
16133001
16144016
16155035
16155036
16133002
16155038
16152059
16143003
16143004
16131013
16131014
16146051
16146052
16145049
16139003
16145046
16145050
16145048
16145056
16139004
16145057
16140009
16140010
16141007
16144013
16152054
16155016
16132030
16155018
16155019
16132032
16132049
16132050
16152057
16132051
16144014
16148009
16149050
16148010
16149051
16149052
16148016
16137006
16156056
16134019
16156057
16137007
16134028
16137008
16153013
16129031
16151062
16143054
16153014
16129032
16129033
16129034
16152024
16143055
16129035
16153015
16143022
16143032
16146109
16143033
16146111
16143034
16136047
16144026
16136048
16136049
16136053
16137002
16137003
16137004
16137005
16144038
16150023
16142068
16150024
16149053
16138052
16138054
16138055
16139002
16138029
16138042
16138043
16130051
16129003
16129004
16129005
16129006
16129007
16129008
16129009
16129029
16129030
16137029
16143019
16137030
16143020
16140008
16150021
16151028
16150022
16151029
16143007
16151030
16145014
16149049
16145015
16145016
16142079
16142080
16151024
16138051
16146115
16146116
16146117
16145045
16156059
16148019
16148020
16151054
16151055
16148021
16143056
16155011
16143057
16155012
16143058
16145041
16145044
16145042
16145043
16138022
16138023
16138024
16155015
16144019
16135009
16135010
16144020
16152032
16144001
16154011
16152034
16155006
16147009
16140003
16147010
16140004
16129010
16138028
16151045
16150056
16151046
16151048
16143039
16143040
16132028
16135040
16135041
16135043
16135049
16136036
16136037
16136038
16136041
16132022
16132024
16144023
16148004
16148005
16144024
16148006
16130035
16145017
16130038
16145018
16142073
16150004
16145019
16148007
16148008
16131041
16131042
16156012
16156013
16156028
16156030
16156031
16147070
16144021
16125015
16125016
16125037
16127048
16150057
16150011
16142077
16150012
16150058
16128036
16151032
16151034
16142070
16128037
16130048
16130049
16131007
16131008
16146114
16150020
16128038
16128039
16137043
16132053
16132054
16147064
16147065
16147066
16130002
16151031
16137031
16137032
16137033
16143059
16132026
16132027
16135033
16135034
16129048
16129049
16129050
16129051
16130001
16146008
16146016
16143053
16154009
16152025
16153016
16152028
16153019
16152030
16152031
16152035
16134055
16135003
16135004
16149054
16144056
16137045
16144069
16144070
16147014
16147057
16145012
16145013
16147011
16147012
16147013
16144073
16148022
16151049
16138053
16140002
16145058
16145059
16145060
16156053
16156054
16156051
16144040
16156052
16144042
16134046
16144071
16134047
16145061
16153012
16132052
16155032
16145022
16145023
16145039
16145040
16143036
16153001
16143038
16153011
16143035
16134004
16134048
16134054
16138016
16138017
16138020
16138021
16153020
16134029
16134030
16134044
16134045
16136052
16137001
16144007
16147067
16147068
16147069
16131039
16131040
16154010
16147058
16128022
16128031
16128032
16128034
16128035
16128003
16149005
16149007
16149008
16149009
16151056
16151026
16151027
16143021
16133092
16133093
16138047
16151025
16145035
16145036
16137044
16135032
16142065
16142041
16142048
16142078
16157026
16158032
16157040
16158027
16157069
16157073
16158005
16157043
16158031
16158066
16157044
16158002
16125003
16125014
16125036
16132025
16136039
16128015
16128016
16128020
16128021
16136045
16136046
16145020
16127055
16128001
16156009
16149055
16128002
16128053
16128056
16149010
16149011
16129047
16147059
16144039
16147061
16144002
16147062
16147063
16138015
16131048
16156010
16156011
16138014
16136050
16127054
16155039
16146112
16156049
16156050
16150013
16150014
16144018
16152029
16156032
16145024
16156033
16156034
16131043
16128014
16135042
16145021
16136051
16150001
16155017
16132033
16131045
