0 0 0 0
1 0 0 0
2 0 0 0
3 0 0 0
4 0 0 0
5 0 0 0
6 0 0 0
7 0 0 0
8 0 0 0
9  16961.4 379.818 -8.30547
10 15865.8 388.315 -7.31769
11 15882   338.139 -4.61326
12 15626.4 353.733 -7.80284
13 15594   351.005 -7.75657
14 15380.8 359.661 -7.73554
15 15020.5 381.769 -6.61483
16 16779.8 348.356 -4.6353
17 16396.4 333.882 -7.50002
18 16407.2 361.793 -8.35231
19 16198.8 322.945 -10.4844
20 15566.4 327.759 -7.21784
21 15533.6 312.541 -9.57829
22 0       0       0
23 20353.6 392.898 -10.0022
24 19966 438.717   -10.1566
25 20012.6 384.65  -6.90621
26 19474.7 401.066 -8.45736
27 18565.3 416.185 -9.05016
28 18566.7 386.31  -5.27902
29 17750 415.349   -9.39247
30 17632 415.645   -9.49033
31 17557.7 412.759 -9.41586
32 17287.5 368.71  -8.13017
33 17414.5 358.392 -7.89036
34 17218.3 427.249 -5.22797
35 18628.4 386.886 -5.42866
36 0 0 0
37 16991.4 386.639 -8.53147
38 16957.3 352.468 -6.97442
39 19964.4 463.06 -9.82957
40 19909.6 381.039 -9.93451
41 19127.3 387.309 -7.05413
42 18706.3 399.242 -9.45193
43 18443.4 403.891 -8.80348
44 17717.7 403.57 -9.12285
45 17662.2 403.012 -8.00696
46 0 0 0
47 17713.4 357.601 -8.91695
48 17598.4 373.454 -9.31691
49 17563 356.457 -12.2754
50 17456 315.093 -5.48535
51 18761.9 423.347 -9.12389
52 19203 366.85 -7.76276
53 18369.7 408.088 -7.90229
54 18112.5 385.373 -7.23597
55 17790.3 355.717 -7.39079
56 17545.1 345.274 -7.51043
57 17664.3 347.834 -9.90864
58 17020 364.176 -10.4115
59 16730.9 350.503 -10.718
60 16403.8 333.067 -8.6477
61 16342.4 316.449 -7.10001
62 19842.5 387.818 -6.33975
63 19066.3 410.642 -8.62311
64 18823.1 394.448 -9.4882
65 18340.7 386.095 -11.2514
66 18200.4 360.771 -8.78041
67 17880.3 364.501 -9.08388
68 17628.4 345.707 -10.7856
69 17225 354.518 -8.21057
70 17462.8 329.191 -7.31056
71 20935.1 445.674 -8.60745
72 20781 430.41 -8.93717
73 19526.3 423.077 -7.53521
74 19710.4 400.862 -8.73995
75 18651.7 416.876 -9.74726
76 18544 377.85 -10.2729
77 17909.5 405.216 -8.93364
78 18001.2 363.975 -9.68602
79 17468.4 395.413 -8.61537
80 17088.6 366.63 -6.86113
81 16803.1 376.469 -7.26976
82 16731.9 380.61 -5.54912
83 20320.7 452.182 -8.44687
84 20560.5 446.256 -10.9247
85 20071.9 441.048 -7.37396
86 19885.2 429.276 -5.16618
87 19535.7 405.546 -8.72747
88 19040.3 376.761 -7.06823
89 18887.5 389.571 -8.36379
90 18020.7 413.106 -7.91443
91 17792.2 376.123 -8.00869
92 17710.8 378.15 -10.9278
93 20930.7 416.128 -8.39432
94 20365.9 417.978 -6.66753
95 20120 436.186 -8.9263
96 20487.8 425.267 -12.4345
97 0 0 0
98 20500.5 397.566 -9.62577
99 19862.6 439.289 -7.38693
100 19707.8 419.066 -7.6717
101 0 0 0
102 18920.6 434.315 -8.30463
103 18414.3 425.174 -11.3429
104 18373.6 375.591 -8.03195
105 17671.5 416.504 -8.5458
106 17520.4 377.002 -6.91399
107 18128.8 394.276 -5.28431
108 17822.5 346.707 -7.16177
109 0 0 0
110 17193.6 365.086 -7.03114
111 17422.7 357.18 -8.47627
112 20020.2 392.427 -10.2782
113 19632.1 376.54 -6.70363
114 20659.3 431.071 -8.01487
115 21058.8 405.691 -6.00299
116 20549 418.937 -8.47184
117 19666.2 422.734 -7.72962
118 20218.9 406.261 -9.86811
119 19312.6 372.147 -7.73568
120 17600.6 359.065 -5.88423
121 17103.2 379.577 -8.50463
122 17125.2 370.982 -8.02044
123 20325.2 414.619 -8.19357
124 19973.2 435.481 -9.67767
125 19213.6 425.933 -8.24637
126 19325.3 445.749 -9.08545
127 18926.9 422.355 -9.12538
128 18277.5 411.464 -8.20307
129 18172.4 366.954 -6.27335
130 18475.5 338.734 -10.3861
131 17630.3 398.084 -9.36753
132 17224 370.503 -11.2862
133 17237.2 341.23 -8.0302
134 16634.2 334.124 -5.58935
135 16426.8 371.356 -8.36212
136 16271.9 337.939 -5.98049
137 16251 311.055 -7.39649
138 15931.7 339.824 -7.87975
139 15851 296.585 -8.08705
140 15262.7 337.348 -6.10864
141 20123.5 442.44 -9.20067
142 19854.2 445.043 -10.9152
143 19413.4 431.004 -9.24029
144 18826.6 459.38 -8.7051
145 18869.8 427.159 -9.07951
146 18559.3 425.72 -9.66962
147 17954 420.494 -6.68025
148 18192.8 375.593 -9.30509
149 17766 394.296 -8.61921
150 17281.1 397.718 -8.79768
151 17665.9 355.307 -9.08882
152 16826.7 376.897 -10.1315
153 20136.8 436.725 -7.5239
154 19383 412.118 -7.07129
155 19374.9 387.787 -6.78135
156 18849.6 394.554 -7.55865
157 18104.5 389.691 -8.08555
158 17608.9 412.143 -9.15063
159 16939.9 393.247 -7.69063
160 16393.4 356.443 -6.76048
161 16382.7 363.083 -8.27571
162 19526.3 469.872 -7.1143
163 19560.5 428.282 -6.16649
164 19330.6 414.718 -6.94581
165 18757.6 440.677 -6.99768
166 18543.6 434.359 -10.6709
167 17984.1 427.619 -9.43924
168 17464.7 382.633 -6.9877
169 19613.3 437.196 -8.33229
170 19349.3 412.111 -6.40709
171 18970 423.03 -8.97202
172 18497.1 435.886 -9.15469
173 18176.8 412.111 -8.66739
174 18364.8 403.652 -9.70919
175 17974.7 389.766 -7.1689
176 17738.4 371.438 -7.20136
177 17231.5 388.085 -8.19613
178 16574.6 381.261 -8.72879
179 16311.4 374.394 -6.19722
180 19435.9 482.96 -4.67133
181 19751.4 408.058 -5.56448
182 19275.8 443.816 -9.60866
183 19056.5 399.512 -5.81796
184 18591.4 412.772 -6.42581
185 18086.6 430.889 -8.82295
186 17603 429.179 -9.55112
187 17477.6 405.933 -6.87135
188 17653.4 387.959 -9.78387
189 16876.6 370.968 -7.42624
190 16763.3 403.522 -11.2218
191 16539.1 377.28 -9.57783
192 16518.4 383.01 -8.53231
193 16383 335.349 -5.801
194 19168.2 456.484 -8.67086
195 19591.5 458.847 -7.47488
196 0 0 0
197 0 0 0
198 0 0 0
199 0 0 0
200 19662.4 386.366 -6.96225
201 18608.4 459.169 -9.0539
202 18893.3 423.677 -7.86347
203 18812.6 385.828 -7.67428
204 18715.7 385.126 -8.19273
205 17944.5 405.307 -9.06352
206 17482.2 412.669 -11.351
207 17515.4 370.793 -7.91185
208 16981.7 413.159 -10.0069
209 16996.6 407.265 -10.3428
210 16561 371.168 -7.71552
211 19735.7 434.588 -6.91891
212 19140.6 448.19 -10.0953
213 19317.4 431.088 -7.90645
214 19115.5 429.279 -9.61564
215 19061.7 414.413 -7.25575
216 18550.2 377.256 -7.82952
217 18015.6 382.613 -8.71586
218 17599.2 384.099 -7.09357
219 16804.9 386.897 -6.80509
220 16523.9 398.013 -8.51773
221 16489 392.617 -9.19321
222 15849.1 349.684 -5.4609
223 19338.4 450.7 -10.3667
224 19042.9 460.592 -8.3175
225 19615.9 402.493 -6.92214
226 18822.2 433.5 -9.01206
227 18810.4 378.006 -7.08575
228 18258.7 389.95 -9.64466
229 17584.5 381.133 -7.94285
230 17443.8 349.366 -6.74379
231 17176.6 379.753 -8.51932
232 16655.1 397.475 -9.45139
233 16574.7 374.349 -8.54518
234 19826.9 416 -6.25792
235 19974.3 393.19 -5.87939
236 19493.2 427.472 -8.91204
237 18942.7 404.866 -8.0953
238 18601.8 420.153 -8.52878
239 0 0 0
240 18252 378.663 -8.79575
241 17842.2 378.116 -8.16963
242 17130.7 367.741 -6.77712
243 17354.9 352.46 -7.81293
244 16760.7 351.389 -7.43633
245 16250 368.635 -7.59595
246 20024.3 438.988 -5.61477
247 19796.9 439.79 -6.70211
248 19139 465.122 -10.1081
249 19098.4 443.358 -8.46918
250 18977.4 451.024 -8.85556
251 18806.4 377.39 -9.48956
252 18319.4 411.254 -9.52726
253 17610.9 414.185 -8.44285
254 17685.9 375.39 -9.07718
255 17324.8 358.98 -8.39373
256 16793.8 374.933 -8.03474
257 16778.5 357.598 -8.3684
258 15928.8 391.299 -7.28401
259 16276.3 344.334 -7.70519
260 15805 338.825 -6.41305
261 0 0 0
262 19269.7 451.254 -8.63338
263 18955.4 429.332 -6.28312
264 19232.4 404.772 -5.66665
265 18858.1 418.561 -9.52587
266 18620.8 383.099 -9.01346
267 18141.2 372.525 -8.66486
268 17648.6 386.099 -7.9806
269 17512.1 379.555 -8.76132
270 17164.8 347.302 -7.25331
271 16461.1 351.068 -6.23618
272 0 0 0
273 16339.8 355.599 -5.92352
274 15953.8 349.865 -8.65476
275 18499.6 411.859 -8.97249
276 17865.7 410.494 -11.1842
277 17306.7 389.379 -8.13967
278 17077 368.762 -8.79722
279 16933.7 362.142 -7.46268
280 16284.9 385.879 -8.98324
281 16261.1 366.339 -8.45601
282 16210.8 317.171 -6.89808
283 15805.3 336.985 -7.76775
284 15370.5 345.007 -6.32047
285 15568.8 328.551 -7.32126
286 19416.2 450.639 -6.67451
287 19107.8 450.907 -7.51558
288 18959.4 435.718 -7.17548
289 19005.1 405.669 -7.07447
290 19020.1 404.739 -9.00827
291 18134.9 395.058 -6.19673
292 17715.3 405.881 -8.92362
293 17589 373.712 -7.73687
294 17217.1 363.221 -6.32391
295 16790.1 392.927 -11.2917
296 16584.3 357.824 -8.78104
297 16433.4 345.792 -8.31514
298 16057.3 365.134 -7.69732
299 19328.4 454.91 -10.2888
300 19495.6 401.937 -8.57457
301 18873.4 370.099 -8.48021
302 18452.5 376.816 -8.55676
303 17819.7 376.056 -9.53025
304 16895 359.953 -9.02156
305 16918.9 338.638 -7.75066
306 16415.9 327.692 -7.59402
307 15724.4 341.664 -8.15444
308 15510.8 326.024 -7.2817
309 15168 329.989 -5.23533
310 15085.3 314.26 -6.39424
311 19983.4 409.188 -8.94684
312 19617.6 419.445 -8.86135
313 19421.2 391.676 -12.0635
314 17211.7 334.229 -5.97688
315 16692.5 367.281 -10.425
316 16382.7 328.588 -9.54975
317 16410.1 320.328 -7.81734
318 15748 325.784 -8.47193
319 15772.5 324.243 -7.43653
320 19414.2 465.034 -7.97685
321 19831.2 410.901 -7.03815
322 19915.8 416.769 -8.28836
323 19961.1 418.749 -10.0519
324 18517.5 378.757 -7.00474
325 18041 348.868 -7.32667
326 19682.3 467.428 -10.1755
327 19452.5 480.637 -10.2564
328 18719.7 451.192 -8.689
329 18439.2 437.769 -8.79999
330 17569.7 424.032 -8.0479
331 17399.8 390.352 -8.40314
332 16992.4 361.258 -7.37804
333 16649.4 378.307 -9.23272
334 16441.6 386.83 -10.818
335 15706.5 379.189 -6.24973
336 15683.6 381.532 -8.98489
337 15668.9 349.188 -7.97703
338 19265.2 464.05 -9.28913
339 18932.5 468.424 -9.54621
340 19131.7 453.442 -8.98309
341 18991.8 453.711 -10.0516
342 18757.7 412.416 -9.7568
343 18033.8 403.595 -9.47309
344 17152.2 400.885 -10.4674
345 16493.6 421.562 -8.58736
346 16097.2 409.673 -9.99737
347 15982.7 375.721 -7.87039
348 15686.6 392.226 -8.37776
349 15726.5 375.182 -9.61732
350 15732.7 349.92 -10.3385
351 15183.8 379.931 -6.69959
352 19006.3 455.824 -9.6866
353 19053.8 446.259 -8.36546
354 18390.9 462.642 -9.07115
355 18373.6 419.895 -7.82696
356 18038.2 421.584 -8.21013
357 17550 421.49 -9.09744
358 17195.3 404.533 -8.13639
359 16846.9 407.885 -9.50619
360 0 0 0
361 16264.4 412.994 -10.8337
362 15872 422.676 -11.4909
363 0 0 0
364 15732.7 398.541 -9.13749
365 15700.6 371.26 -9.18847
366 0 0 0
367 19145.7 475.804 -10.5369
368 18388 474.023 -7.77621
369 18849.7 419.345 -7.20821
370 18743.8 435.456 -11.8862
371 18812 429.12 -9.46073
372 18423.1 392.467 -9.1811
373 17375 413.963 -9.78821
374 16653.5 410.892 -8.43723
375 16192 348.352 -7.87561
376 15903.1 351.598 -8.30732
377 15554.2 363.525 -9.00333
378 15354.5 352.642 -8.0263
379 14715.1 342.713 -8.92668
380 14629.3 344.012 -8.20769
381 14755.7 299.215 -8.04977
382 14234 323.967 -7.96393
383 19210.7 449.302 -7.03707
384 18770.7 488.78 -10.4117
385 19087.9 435.678 -7.2759
386 18879.6 427.085 -7.39543
387 18183.8 432.726 -7.60738
388 17866.1 407.341 -8.42029
389 17663.2 390.146 -9.18797
390 17264.1 381.142 -8.19773
391 16630.5 408.065 -8.82762
392 16238.7 398.359 -9.95788
393 16117.4 383.03 -9.29628
394 16088.7 332.92 -6.29182
395 15685.2 352.091 -8.88908
396 18854.6 448.651 -7.64724
397 18758.9 441.343 -7.1142
398 18320.4 464.022 -7.18245
399 18298.1 445.775 -8.76375
400 18052.5 443.111 -9.04329
401 17542 428.409 -7.95118
402 17424.1 412.085 -9.12193
403 16812.8 387.932 -6.41855
404 16442.4 381.44 -7.08167
405 16165.6 349.759 -5.74063
406 15785.3 383.572 -8.79991
407 15845.2 351.199 -6.12563
408 15535 356.834 -11.0198
409 19369.2 468.717 -11.2991
410 19059.7 428.981 -7.91215
411 18899.2 442.092 -7.38298
412 18483.7 457.372 -8.59458
413 18129.3 423.675 -7.88827
414 17867.4 425.268 -8.57874
415 17899.2 404.037 -9.46439
416 17168.4 381.943 -6.80543
417 16628.2 355.975 -7.72443
418 16414.5 401.294 -10.5839
419 15665.9 339.149 -6.62782
420 19338 445.209 -8.30249
421 18852.6 470.878 -8.64766
422 18889 465.604 -10.663
423 18660.7 439.754 -10.3472
424 18697.7 482.278 -8.33668
425 17512.9 429.484 -9.64514
426 17244.1 393.128 -8.22984
427 16763.8 387.413 -9.26121
428 16090.3 370.992 -7.65494
429 16296.3 375.624 -10.5285
430 15741.4 364.312 -9.35795
431 18737.9 474.522 -9.87913
432 18533.4 469.5 -7.41852
433 18303.8 464.697 -8.29221
434 18423.6 422.923 -8.20825
435 18116.6 418.442 -7.7078
436 17555.5 408.111 -7.93542
437 17210.4 440.523 -10.377
438 16762.3 405.892 -8.03031
439 16759.3 386.38 -9.60421
440 16446.4 374.081 -9.06346
441 15783.8 385.148 -8.65212
442 15618 353.053 -7.96306
443 15768.7 325.332 -7.56902
444 14881.3 368.323 -7.1189
445 18562.1 473.404 -6.59508
446 18886.9 452.073 -7.23533
447 18922.3 454.204 -8.94197
448 18472.2 420.698 -7.45031
449 17603.9 436.734 -6.52647
450 17313 411.894 -7.84979
451 17130.8 382.468 -7.54957
452 16343.5 373.219 -7.85421
453 15670.8 426.919 -9.33588
454 15897.6 368.074 -9.04505
455 15390.2 389.534 -9.2126
456 14997.8 392.187 -8.05086
457 15494.2 349.72 -9.48566
458 19116.2 474.771 -9.36265
459 19182.3 448.345 -10.0856
460 19078 424.641 -9.87262
461 18360.1 415.314 -8.39036
462 17722.5 441.702 -7.99385
463 17340.9 405.99 -7.46391
464 0 0 0
465 16632.1 388.627 -7.15132
466 16235.8 374.465 -7.98287
467 15831 376.443 -8.96698
468 15865.4 377.232 -11.7888
469 15806.8 348.991 -10.0079
470 15367.9 365.451 -9.33931
471 19122 457.657 -9.30027
472 19466.8 457.755 -9.67738
473 19345.8 432.966 -7.81735
474 19297.4 456.218 -8.80346
475 18825.7 436.828 -10.996
476 0 0 0
477 0 0 0
478 18386.7 438.26 -6.95667
479 18326.7 417.72 -8.20612
480 18753.5 392.839 -10.0643
481 17447.6 422.268 -8.11365
482 16793.6 393.004 -8.81349
483 0 0 0
484 16413 351.829 -7.8087
485 16330 348.671 -9.78554
486 16021.2 340.58 -5.30228
487 19357.9 421.849 -6.51777
488 18757.6 436.392 -7.76209
489 18240.6 462.552 -8.76042
490 17521.6 471.603 -10.4388
491 0 0 0
492 17830.7 392.537 -6.88949
493 18534.8 354.523 -8.90696
494 17548.9 367.195 -9.54048
495 19675.3 450.74 -8.45642
496 19611.5 446.708 -9.44787
497 19359.3 471.534 -12.8329
498 18677.4 430.935 -8.36876
499 17975 452.973 -12.2022
500 18142.9 382.694 -8.4855
501 17087.1 412.967 -8.32065
502 16898.7 374.936 -7.95172
503 16345.5 376.291 -8.02081
504 16004.7 385.702 -7.96786
505 15907.1 334.999 -7.77801
506 15856.8 345.496 -8.04625
507 15585.7 337.488 -10.8293
508 19303.7 441.723 -8.79501
509 19069.9 469.841 -9.01704
510 18635.3 481.979 -12.6924
511 18571.8 446.992 -9.83385
512 17714 413.754 -7.91041
513 17387.2 355.681 -6.2044
514 16933.7 356.763 -8.54519
515 15108.1 355.68 -7.78311
516 14816.2 350.204 -8.33155
517 14877.9 330.076 -7.59092
518 14132.8 348.084 -7.39726
519 19177 479.761 -11.7223
520 18994.6 475.424 -12.0863
521 0 0 0
522 18063.7 490.23 -12.2078
523 18605.7 462.671 -10.5191
524 17538.4 472.806 -8.46614
525 17460.7 455.227 -9.5159
526 17139.5 467.938 -9.13863
527 16793 359.862 -9.51589
528 19312.1 464.889 -7.96806
529 18954.4 453.823 -10.0524
530 19019.9 460.769 -10.4044
531 18602.4 467.852 -10.4389
532 17258.9 464.368 -10.3652
533 16718.4 451.306 -8.97796
534 16898.7 396.735 -8.84337
535 16907.2 389.312 -10.3611
536 16225.4 424.131 -12.2433
537 15689.5 428.351 -9.94218
538 18942.8 481.129 -10.3871
539 18889.7 438.524 -7.16075
540 18973 434.667 -8.03131
541 19154.9 416.652 -7.90445
542 18425.5 400.401 -8.87848
543 17725.2 423.88 -9.45788
544 16983.5 433.929 -9.15559
545 17139.1 402.759 -9.73466
546 16410.5 405.253 -10.3247
547 16408.8 367.99 -7.20303
548 18578.1 484.43 -8.51317
549 19596.2 443.828 -9.49584
550 18547.2 499.79 -9.5254
551 18866.2 487.171 -9.89818
552 18638.2 459.916 -9.6502
553 18197.1 485.114 -10.3479
554 18070.1 432.395 -8.3629
555 18167.1 410.646 -10.9424
556 17554.9 410.493 -11.325
557 16960.2 415.5 -11.0702
558 16320.6 403.304 -8.94068
559 18978.6 490.839 -11.9629
560 18711.5 484.09 -9.83436
561 18310.5 481.59 -8.26572
562 18352.9 458.633 -9.51805
563 17942.3 468.928 -9.25444
564 17678.5 487.931 -9.98659
565 17816.1 425.632 -6.27781
566 17898.5 431.211 -12.7102
567 0 0 0
568 17595.7 421.444 -10.6981
569 17257.9 440.885 -10.032
570 16345.8 411.215 -9.67908
571 18411.1 482.702 -8.4038
572 18212.4 498.878 -10.3539
573 18331.2 443.533 -9.82987
574 17978.6 479.851 -11.1489
575 17661.9 427.65 -10.588
576 17213.4 438.049 -9.23566
577 16924.2 441.786 -9.91058
578 16782.8 388.743 -8.8102
579 16329.6 399.973 -11.759
580 18310.6 449.999 -12.2344
581 18586.2 408.108 -10.2543
582 18006.1 429.068 -11.0869
583 17952.7 409.776 -9.75128
584 17932 408.738 -12.3183
585 17186.3 393.356 -11.117
586 16487.5 392.389 -10.4408
587 15998.5 370.065 -9.66471
588 16214.9 370.707 -11.1302
589 18657.9 467.552 -11.0933
590 18577 460.989 -11.0916
591 18504.3 430.267 -9.74317
592 18524 405.14 -5.44363
593 18011 438.191 -9.17192
594 17646.3 446.29 -12.1303
595 17601.8 433.757 -8.59546
596 17430.2 407.232 -7.18254
597 17785.6 396.1 -10.5715
598 17258.2 371.764 -6.6022
599 18938.9 488.317 -10.9749
600 18900.9 491.709 -11.6367
601 18554 484.628 -11.9898
602 19132.7 460.384 -9.34563
603 18641.3 436.888 -10.1193
604 18038.9 485.113 -9.17894
605 18261 416.919 -8.96205
606 17560.5 444.327 -10.956
607 17577.4 444.872 -11.3646
608 17109.7 415.312 -9.50248
609 17032.9 409.645 -10.3888
610 17548.5 358.868 -11.1684
611 16746.5 433.958 -11.3819
612 19311.3 439.137 -8.10835
613 19181.7 453.61 -8.57395
614 19121.4 466.897 -9.1624
615 18775.5 403.918 -5.67861
616 18654.7 442.586 -10.3144
617 18266.4 432.491 -10.3588
618 18110.6 395.13 -7.76508
619 18098.4 387.717 -9.04288
620 17409.7 409.216 -9.78186
621 17210.8 399.104 -9.87053
622 19227.6 444.11 -10.104
623 19092.2 447.923 -8.23557
624 19015.3 432.552 -8.91483
625 19169.7 436.232 -8.71975
626 18464.1 420.763 -7.47393
627 18130.3 447.882 -10.7596
628 18403.3 415.103 -11.6733
629 17872.3 383.761 -8.87445
630 17344.6 409.369 -10.0687
631 16860.8 392.762 -10.2256
632 18620 473.433 -10.5593
633 19089.5 427.295 -7.29998
634 18518.3 447.806 -12.7056
635 18387.6 428.027 -9.92394
636 18391.2 415.293 -10.0989
637 17768.8 416.41 -8.16302
638 17538.4 404.317 -9.51685
639 17023.5 388.758 -6.79559
640 16761.9 393.278 -8.08227
641 19071.4 429.406 -7.95664
642 19032.4 420.162 -7.5888
643 18712.2 446.613 -8.75767
644 18421 465.746 -10.8786
645 18432.6 444.748 -9.00978
646 18435.8 452.576 -10.8003
647 18198.3 453.647 -11.6689
648 16738.6 414.113 -8.9791
649 16543.4 379.001 -9.10726
650 16101.4 386.942 -9.28648
651 18673.4 457.962 -9.55546
652 18739.4 445.531 -9.01663
653 18263.7 405.031 -8.29076
654 17673.5 410.136 -9.51412
655 17455 424.098 -9.05704
656 17698.3 352.677 -9.23289
657 16431.8 405.127 -9.67887
658 0 0 0
659 16439.6 370.58 -6.43971
660 19023.5 444.06 -9.47206
661 19170.9 432.296 -7.80353
662 18488.6 472.724 -12.6105
663 18692.9 453.173 -9.40196
664 18575.9 459.307 -10.6839
665 0 0 0
666 18056.7 436.51 -11.8754
667 17805.5 440.448 -11.3172
668 17259.3 409.099 -7.52084
669 17312.1 438.823 -10.1383
670 17769.9 394.823 -11.9846
671 16893.5 413.487 -9.54965
672 16859.5 381.36 -8.47745
673 17120.4 363.714 -10.9614
674 18757 445.304 -10.5376
675 19134.7 431.422 -9.56346
676 19004.2 411.484 -8.00081
677 18533.1 406.067 -9.31788
678 0 0 0
679 18068.6 419.03 -7.18191
680 18399.5 421.602 -8.28708
681 18888.1 380.57 -7.4293
682 17770.1 431.655 -7.89799
683 16896.5 430.172 -9.32771
684 0 0 0
685 16730 361.34 -9.39305
686 16099.9 401.243 -7.27288
687 18691.8 458.716 -10.3989
688 18789.1 424.646 -7.99099
689 18324.1 459.864 -9.97511
690 18569.5 474.138 -11.4041
691 18417.1 454.852 -8.39219
692 18501.2 430.715 -8.27099
693 18064.9 404.321 -7.57802
694 17977.6 395.532 -8.83921
695 17396.6 425.974 -10.1671
696 17396 434.119 -11.1483
697 16771.8 439.441 -10.1181
698 18631.8 457.037 -10.4436
699 19211.7 409.004 -8.79235
700 18956.2 406.321 -7.41887
701 18497.4 389.684 -8.90517
702 17583.3 382.643 -11.7725
703 16213.5 384.296 -8.40544
704 15691.1 414.007 -12.1565
